2019-09-08 01:46:24,074 - fuzzy_clustering - INFO - [[0.40126113 0.30375206 0.29498682]
 [0.47591599 0.13624928 0.38783473]
 [0.37195276 0.05996772 0.56807952]
 [0.34697024 0.36848728 0.28454248]
 [0.30662682 0.05003462 0.64333856]
 [0.3048441  0.04376974 0.65138616]
 [0.28275236 0.4737424  0.24350523]
 [0.3689298  0.06788709 0.56318311]
 [0.29455279 0.04670887 0.65873834]
 [0.2678139  0.04131993 0.69086616]
 [0.39888777 0.06894677 0.53216546]
 [0.37846069 0.07058113 0.55095818]
 [0.44139539 0.13567888 0.42292573]
 [0.27069151 0.04099656 0.68831194]
 [0.27072489 0.04368268 0.68559243]
 [0.26591831 0.04378544 0.69029625]
 [0.41136386 0.09795006 0.49068608]
 [0.44401835 0.13310672 0.42287493]
 [0.26956238 0.50758277 0.22285485]
 [0.42745889 0.18869265 0.38384846]
 [0.41359471 0.07189191 0.51451337]
 [0.27483852 0.49646584 0.22869564]
 [0.30031103 0.04677858 0.65291039]
 [0.32716288 0.05039015 0.62244697]
 [0.42856138 0.06470037 0.50673826]
 [0.28150327 0.48842537 0.23007136]
 [0.25740643 0.53267603 0.20991754]
 [0.4453271  0.1045649  0.450108  ]
 [0.31881547 0.4342167  0.24696783]
 [0.23359456 0.58514342 0.18126203]
 [0.2763004  0.50181079 0.22188881]
 [0.39704858 0.06963319 0.53331823]
 [0.44488004 0.09426562 0.46085434]
 [0.39210299 0.07707966 0.53081735]
 [0.46204182 0.10945706 0.42850112]
 [0.48883016 0.12092961 0.39024024]
 [0.44452778 0.23471147 0.32076075]
 [0.37922033 0.05864622 0.56213344]
 [0.32265112 0.42230357 0.25504531]
 [0.32064351 0.06531835 0.61403814]]
2019-09-08 01:46:24,837 - fuzzy_clustering - INFO - updated membership is: 
2019-09-08 01:46:24,837 - fuzzy_clustering - INFO - [[0.40891738 0.29233174 0.29875088]
 [0.48104154 0.1295564  0.38940205]
 [0.37406279 0.05654632 0.56939089]
 [0.35111515 0.36178415 0.2871007 ]
 [0.3063021  0.04692438 0.64677353]
 [0.30495658 0.04102711 0.6540163 ]
 [0.27980281 0.47940684 0.24079035]
 [0.37070089 0.06419184 0.56510727]
 [0.29368789 0.04377433 0.66253777]
 [0.26582926 0.03853589 0.69563485]
 [0.40183093 0.06518953 0.53297954]
 [0.38060254 0.06676298 0.55263448]
 [0.4457331  0.12958824 0.42467866]
 [0.26895284 0.03826587 0.69278129]
 [0.26869378 0.04079121 0.690515  ]
 [0.26362116 0.04086165 0.69551719]
 [0.41429822 0.09315808 0.4925437 ]
 [0.44840228 0.12703315 0.42456457]
 [0.26668835 0.51308654 0.22022511]
 [0.43223262 0.18148135 0.38628603]
 [0.41714069 0.06806519 0.51479411]
 [0.27239257 0.50109485 0.22651258]
 [0.30009947 0.04387772 0.65602281]
 [0.32808492 0.04736977 0.62454531]
 [0.43287596 0.06103103 0.50609301]
 [0.28034549 0.490691   0.22896351]
 [0.25370972 0.53959385 0.20669643]
 [0.44930834 0.09942659 0.45126507]
 [0.32328894 0.42696373 0.24974732]
 [0.22914411 0.59321286 0.17764304]
 [0.2753731  0.50369759 0.22092932]
 [0.39960733 0.06595276 0.53443991]
 [0.44842103 0.08965886 0.46192011]
 [0.39415898 0.07322587 0.53261515]
 [0.4665933  0.10399443 0.42941227]
 [0.49587242 0.11413621 0.38999137]
 [0.45244044 0.22427863 0.32328093]
 [0.38211779 0.05531561 0.56256659]
 [0.32637457 0.41626322 0.25736221]
 [0.32017727 0.06174003 0.6180827 ]]
2019-09-08 01:46:25,600 - fuzzy_clustering - INFO - updated membership is: 
2019-09-08 01:46:25,600 - fuzzy_clustering - INFO - [[0.41224513 0.28714737 0.3006075 ]
 [0.48303344 0.12663452 0.39033204]
 [0.37511698 0.05509191 0.56979111]
 [0.35307282 0.3584475  0.28847968]
 [0.30656773 0.04565001 0.64778227]
 [0.30537865 0.03990523 0.65471611]
 [0.27836289 0.4820467  0.23959041]
 [0.37163474 0.06263244 0.56573282]
 [0.29373315 0.04258552 0.66368133]
 [0.26551409 0.03742859 0.69705732]
 [0.40316445 0.06358101 0.53325454]
 [0.38166272 0.06514053 0.55319675]
 [0.44750599 0.12692873 0.42556527]
 [0.26871433 0.03717734 0.69410833]
 [0.26835253 0.03963957 0.69200789]
 [0.26319179 0.03970466 0.69710356]
 [0.41557141 0.09109259 0.493336  ]
 [0.45020474 0.12436348 0.42543178]
 [0.26537061 0.51547902 0.21915036]
 [0.43423504 0.17828848 0.38747648]
 [0.41867079 0.06641198 0.51491723]
 [0.27134282 0.50295749 0.22569969]
 [0.30043365 0.04269411 0.65687224]
 [0.32880858 0.04611519 0.62507624]
 [0.43468209 0.05944765 0.50587026]
 [0.27993452 0.49136656 0.22869891]
 [0.25202481 0.54261896 0.20535623]
 [0.45091468 0.09717583 0.45190949]
 [0.32558475 0.42304275 0.2513725 ]
 [0.22722828 0.59654768 0.17622404]
 [0.27514552 0.50405974 0.22079474]
 [0.40071953 0.0643673  0.53491318]
 [0.44981364 0.08764329 0.46254307]
 [0.39507932 0.07156407 0.53335661]
 [0.46840132 0.10160678 0.4299919 ]
 [0.49881171 0.11117102 0.39001727]
 [0.45581923 0.21961049 0.32457028]
 [0.38349926 0.05389319 0.56260754]
 [0.3282487  0.41303043 0.25872088]
 [0.32032623 0.06026516 0.61940861]]
2019-09-08 01:46:26,357 - fuzzy_clustering - INFO - updated membership is: 
2019-09-08 01:46:26,357 - fuzzy_clustering - INFO - [[0.41358675 0.28488561 0.30152764]
 [0.48377883 0.12536182 0.39085935]
 [0.37571829 0.05446393 0.56981778]
 [0.35389907 0.35692982 0.28917111]
 [0.30697991 0.04512196 0.64789813]
 [0.30584008 0.0394383  0.65472161]
 [0.27766266 0.48325718 0.23908016]
 [0.37219094 0.06196488 0.56584417]
 [0.29406634 0.04209837 0.66383529]
 [0.26576202 0.03698536 0.69725262]
 [0.40382649 0.06288165 0.53329186]
 [0.38225113 0.06444167 0.55330721]
 [0.44822665 0.12577042 0.42600293]
 [0.26897931 0.03673974 0.69428095]
 [0.26858678 0.03917843 0.69223479]
 [0.26340061 0.03924506 0.69735433]
 [0.41616714 0.0901963  0.49363657]
 [0.45094341 0.12319295 0.42586364]
 [0.26474222 0.51653537 0.21872241]
 [0.4350487  0.17689525 0.38805605]
 [0.41937848 0.06568606 0.51493546]
 [0.27087619 0.5037048  0.22541902]
 [0.30088002 0.04220427 0.65691572]
 [0.32936224 0.04558531 0.62505244]
 [0.4354755  0.05875303 0.50577146]
 [0.27975738 0.49156594 0.22867668]
 [0.25123963 0.54394606 0.20481431]
 [0.45158423 0.09618294 0.45223283]
 [0.32660574 0.4211781  0.25221616]
 [0.22639421 0.59790945 0.17569634]
 [0.27507617 0.50406951 0.22085432]
 [0.40127853 0.06367246 0.535049  ]
 [0.45039759 0.08674933 0.46285308]
 [0.39557103 0.07083582 0.53359315]
 [0.46911877 0.10055863 0.4303226 ]
 [0.49997792 0.10987901 0.39014307]
 [0.45716812 0.21756978 0.3252621 ]
 [0.3842178  0.05327431 0.56250789]
 [0.32906646 0.41150344 0.2594301 ]
 [0.32066214 0.05965213 0.61968573]]
2019-09-08 01:46:27,111 - fuzzy_clustering - INFO - updated membership is: 
2019-09-08 01:46:27,111 - fuzzy_clustering - INFO - [[0.41406981 0.28392007 0.30201012]
 [0.48403758 0.12480323 0.39115919]
 [0.3761289  0.05418451 0.56968659]
 [0.354207   0.35626963 0.28952337]
 [0.30740267 0.04489898 0.64769835]
 [0.30628041 0.03923904 0.65448055]
 [0.27731061 0.4838126  0.23887678]
 [0.37258116 0.06167069 0.56574815]
 [0.29446912 0.04189529 0.66363559]
 [0.26616697 0.03680685 0.69702619]
 [0.4042196  0.06256804 0.53321237]
 [0.38264036 0.0641319  0.55322774]
 [0.4485286  0.12525916 0.42621223]
 [0.26938485 0.03656226 0.6940529 ]
 [0.26898364 0.03899282 0.69202354]
 [0.26379331 0.03906219 0.6971445 ]
 [0.41649305 0.08979801 0.49370894]
 [0.45125468 0.12267356 0.42607176]
 [0.26441876 0.51701758 0.21856367]
 [0.43536867 0.1762859  0.38834542]
 [0.41976774 0.06535737 0.51487489]
 [0.27064476 0.50401588 0.22533937]
 [0.3013223  0.04199741 0.65668029]
 [0.32981338 0.04535539 0.62483123]
 [0.43588397 0.0584383  0.50567773]
 [0.2796504  0.49163347 0.22871614]
 [0.25084907 0.54454391 0.20460701]
 [0.45189131 0.09573614 0.45237255]
 [0.32700148 0.42034947 0.25264905]
 [0.22600313 0.59847999 0.17551689]
 [0.27502239 0.50403927 0.22093833]
 [0.40163074 0.0633585  0.53501076]
 [0.45068009 0.08634284 0.46297708]
 [0.39589906 0.0705073  0.53359364]
 [0.46941353 0.10009079 0.43049568]
 [0.50040987 0.10931276 0.39027737]
 [0.45764595 0.21669166 0.32566239]
 [0.38466563 0.05299615 0.56233822]
 [0.32937297 0.41082889 0.25979814]
 [0.321031   0.05939287 0.61957613]]
2019-09-08 01:46:28,290 - fuzzy_clustering - INFO - updated membership is: 
2019-09-08 01:46:28,291 - fuzzy_clustering - INFO - [[0.22485789 0.25327282 0.20690283 0.31496645]
 [0.23830065 0.19167742 0.24444636 0.32557558]
 [0.35568806 0.12426018 0.30355209 0.21649968]
 [0.22899962 0.2843996  0.21839852 0.26820226]
 [0.28732357 0.11785862 0.40000072 0.19481709]
 [0.24911055 0.1135963  0.44643598 0.19085718]
 [0.23789691 0.28503894 0.22073367 0.25633049]
 [0.25644411 0.15175405 0.3699256  0.22187624]
 [0.28010481 0.11929116 0.41036701 0.19023702]
 [0.2923291  0.11887905 0.3911923  0.19759955]
 [0.27406529 0.14953533 0.33398082 0.24241856]
 [0.27789634 0.13966001 0.36465861 0.21778504]
 [0.25343012 0.20824293 0.27433886 0.26398809]
 [0.29449631 0.11547467 0.39503235 0.19499667]
 [0.29854073 0.11934451 0.38622274 0.19589203]
 [0.28513076 0.12066017 0.40319257 0.19101649]
 [0.23010691 0.15080947 0.41686714 0.20221648]
 [0.28497467 0.1943407  0.26266636 0.25801826]
 [0.22998858 0.27627446 0.21622291 0.27751405]
 [0.23019718 0.21796712 0.29310029 0.25873541]
 [0.30339205 0.15642042 0.2948218  0.24536573]
 [0.23880387 0.29162516 0.20390857 0.2656624 ]
 [0.30002599 0.12505675 0.36255797 0.21235929]
 [0.29313969 0.12680386 0.36614195 0.21391449]
 [0.2722691  0.13294376 0.33451485 0.26027229]
 [0.22627755 0.34173687 0.19334043 0.23864514]
 [0.23240798 0.28495979 0.21287202 0.26976021]
 [0.36178388 0.16880383 0.23844404 0.23096825]
 [0.25834806 0.26821778 0.19885681 0.27457735]
 [0.22850581 0.31271194 0.1919113  0.26687094]
 [0.2102711  0.3630468  0.18584206 0.24084004]
 [0.32179891 0.15070787 0.29697284 0.23052038]
 [0.30229531 0.18529271 0.24814297 0.264269  ]
 [0.38801699 0.1544923  0.25906605 0.19842466]
 [0.26456393 0.16378146 0.32013525 0.25151937]
 [0.25650853 0.18874079 0.22732839 0.32742229]
 [0.23656047 0.23280818 0.20113557 0.32949579]
 [0.31740889 0.14074058 0.30387309 0.23797745]
 [0.22849139 0.26439691 0.22799972 0.27911198]
 [0.28862421 0.15061226 0.35388708 0.20687645]]
2019-09-08 01:46:29,457 - fuzzy_clustering - INFO - updated membership is: 
2019-09-08 01:46:29,457 - fuzzy_clustering - INFO - [[0.22957457 0.28004695 0.20314533 0.28723314]
 [0.28202641 0.17118266 0.27088386 0.27590707]
 [0.31977416 0.09470961 0.39258753 0.19292871]
 [0.23045008 0.2922098  0.21208394 0.26525618]
 [0.30095975 0.0863735  0.44080274 0.17186401]
 [0.29162986 0.07796968 0.4671355  0.16326496]
 [0.22522745 0.30849652 0.21041563 0.25586039]
 [0.29777336 0.10339749 0.40264196 0.19618719]
 [0.29672054 0.08266625 0.45486205 0.16575116]
 [0.295422   0.07881836 0.46596239 0.15979725]
 [0.30667433 0.10405987 0.38310892 0.20615688]
 [0.30353543 0.10538412 0.39181987 0.19926057]
 [0.28613935 0.16528129 0.29638337 0.25219599]
 [0.29680515 0.07779435 0.46631164 0.15908886]
 [0.29725592 0.08142832 0.45917436 0.1621414 ]
 [0.29336226 0.08214467 0.4632093  0.16128377]
 [0.29241732 0.13094966 0.35603558 0.22059744]
 [0.29289173 0.16306393 0.29143608 0.25260826]
 [0.21917533 0.32082407 0.20023478 0.25976582]
 [0.26596324 0.20303939 0.26856183 0.26243554]
 [0.32586769 0.10835601 0.35394421 0.21183209]
 [0.221007   0.32536684 0.19792438 0.25570177]
 [0.30727034 0.08369892 0.43862927 0.17040147]
 [0.30971091 0.08630354 0.42710388 0.17688167]
 [0.31706665 0.09935995 0.37224142 0.21133197]
 [0.21754034 0.33646465 0.19400862 0.25198639]
 [0.21575465 0.33118596 0.19456307 0.25849632]
 [0.31988108 0.13972072 0.30330663 0.23709157]
 [0.22119505 0.31926316 0.1922071  0.26733469]
 [0.2055651  0.36349436 0.177272   0.25366853]
 [0.21269952 0.34593675 0.18860698 0.25275676]
 [0.32664638 0.10542792 0.36477404 0.20315167]
 [0.32378926 0.13139774 0.30944325 0.23536976]
 [0.33011338 0.11336343 0.35270708 0.20381611]
 [0.30547889 0.14377608 0.29933819 0.25140684]
 [0.29238401 0.15916148 0.26527919 0.28317533]
 [0.2473701  0.24141953 0.21087842 0.30033195]
 [0.32333749 0.09482732 0.38716074 0.19467445]
 [0.22335688 0.30960957 0.19853572 0.26849783]
 [0.30159014 0.10248323 0.41110596 0.18482067]]
2019-09-08 01:46:30,626 - fuzzy_clustering - INFO - updated membership is: 
2019-09-08 01:46:30,626 - fuzzy_clustering - INFO - [[0.23463384 0.26046122 0.19826427 0.30664066]
 [0.30866089 0.13524109 0.2744294  0.28166862]
 [0.33692787 0.06721631 0.42539201 0.17046381]
 [0.22903484 0.28969289 0.20490515 0.27636712]
 [0.3128354  0.05905031 0.484315   0.1437993 ]
 [0.31245432 0.05227711 0.49989563 0.13537295]
 [0.2145013  0.33229596 0.19696003 0.25624271]
 [0.32607983 0.07460419 0.42331717 0.17599881]
 [0.30859059 0.05582704 0.4983215  0.13726088]
 [0.29840875 0.0513028  0.52340055 0.1268879 ]
 [0.33714722 0.07530039 0.40056576 0.18698663]
 [0.32954529 0.07699393 0.41221739 0.18124339]
 [0.31031953 0.13258471 0.30340829 0.25368747]
 [0.3005629  0.05075374 0.52194375 0.12673961]
 [0.29927586 0.0536666  0.51709882 0.12995871]
 [0.2960968  0.05405196 0.52083741 0.12901383]
 [0.32343715 0.10105691 0.36142143 0.21408451]
 [0.31323571 0.13054898 0.30233363 0.25388167]
 [0.20491129 0.35393739 0.18364919 0.25750213]
 [0.28487116 0.17285917 0.27006579 0.27220389]
 [0.34843662 0.07797821 0.37983025 0.19375492]
 [0.20694798 0.35144545 0.18494334 0.25666323]
 [0.31472001 0.05585609 0.49040842 0.13901549]
 [0.32455911 0.05875488 0.46798385 0.14870216]
 [0.35181097 0.07156981 0.38418358 0.19243563]
 [0.2058201  0.35351495 0.18209247 0.25857249]
 [0.19909671 0.36871062 0.17672872 0.25546395]
 [0.3338319  0.10713593 0.32434578 0.23468639]
 [0.21012545 0.33324286 0.18061829 0.27601341]
 [0.18440158 0.4077317  0.15798931 0.2498774 ]
 [0.20133855 0.36353932 0.17639258 0.25872954]
 [0.34473515 0.07576181 0.39388354 0.18561951]
 [0.34284035 0.0978262  0.33270735 0.2266261 ]
 [0.34004869 0.08235563 0.3877332  0.18986248]
 [0.33009692 0.11153586 0.3086315  0.24973572]
 [0.31686215 0.1241143  0.27739069 0.28163286]
 [0.25762008 0.21142693 0.21410421 0.31684879]
 [0.34349509 0.06600712 0.42029715 0.17020064]
 [0.21504158 0.3220735  0.18710353 0.27578139]
 [0.31256356 0.07292178 0.45479784 0.15971682]]
2019-09-08 01:46:31,795 - fuzzy_clustering - INFO - updated membership is: 
2019-09-08 01:46:31,795 - fuzzy_clustering - INFO - [[0.2391211  0.22807876 0.19870604 0.3340941 ]
 [0.32635384 0.11166923 0.27917276 0.28280417]
 [0.35759213 0.05225867 0.43987471 0.1502745 ]
 [0.22917506 0.27663409 0.20294376 0.2912471 ]
 [0.32490416 0.04417911 0.51075047 0.12016626]
 [0.3299688  0.03880364 0.51890022 0.11232734]
 [0.2049002  0.35012396 0.18725929 0.25771655]
 [0.34829397 0.05868295 0.43640623 0.15661685]
 [0.31950679 0.04134697 0.52593431 0.11321193]
 [0.30252766 0.03691105 0.55923299 0.1013283 ]
 [0.36257882 0.05959267 0.40899716 0.16883135]
 [0.35173823 0.06088144 0.42479863 0.1625817 ]
 [0.32867216 0.11138565 0.310264   0.24967818]
 [0.30592863 0.0365995  0.556036   0.10143587]
 [0.30301106 0.03888565 0.5537609  0.10434239]
 [0.29901223 0.03902152 0.55890654 0.10305971]
 [0.34541448 0.08264399 0.37068685 0.20125468]
 [0.33099641 0.10950499 0.3101204  0.24937821]
 [0.19313187 0.37582488 0.17220862 0.25883464]
 [0.29782703 0.1496386  0.27526961 0.27726477]
 [0.37141547 0.06193974 0.39075373 0.17589106]
 [0.19618648 0.36930021 0.17513899 0.25937433]
 [0.32528108 0.04139067 0.51853289 0.11479535]
 [0.34068064 0.04435628 0.48897171 0.12599138]
 [0.3806304  0.05645207 0.38859402 0.17432351]
 [0.19679357 0.36486606 0.17358168 0.26475869]
 [0.18543149 0.39514256 0.16397962 0.25544633]
 [0.35286363 0.08797313 0.33450362 0.22465962]
 [0.2062291  0.32508346 0.17626573 0.29242171]
 [0.16775907 0.44055077 0.14343639 0.24825377]
 [0.19179914 0.37565052 0.16746072 0.26508962]
 [0.36591275 0.06000201 0.4069351  0.16715014]
 [0.36276334 0.07980249 0.3436163  0.21381787]
 [0.3584942  0.06582709 0.40346519 0.17221352]
 [0.35003157 0.09177712 0.31647105 0.24172025]
 [0.33462915 0.10106845 0.28363414 0.28066825]
 [0.26498639 0.17961534 0.21678835 0.33860993]
 [0.36595519 0.051166   0.43307549 0.14980332]
 [0.21144852 0.31543043 0.18294269 0.29017836]
 [0.32382488 0.05649334 0.48250051 0.13718127]]
2019-09-08 01:46:32,993 - fuzzy_clustering - INFO - updated membership is: 
2019-09-08 01:46:32,993 - fuzzy_clustering - INFO - [[0.23968908 0.20603219 0.19940195 0.35487678]
 [0.33791275 0.10129358 0.28586311 0.27493056]
 [0.37429587 0.04568094 0.4466476  0.13337559]
 [0.22898325 0.26360343 0.20296153 0.30445179]
 [0.33710063 0.03756949 0.52219946 0.10313043]
 [0.34587776 0.03293756 0.52548703 0.09569765]
 [0.19808195 0.35936006 0.18146812 0.26108987]
 [0.36512534 0.05154689 0.44335471 0.13997306]
 [0.33100029 0.03496101 0.53783809 0.0962006 ]
 [0.30991219 0.03063872 0.57507856 0.08437052]
 [0.38116696 0.0526701  0.41404972 0.15211322]
 [0.36865848 0.05363151 0.43164511 0.14606491]
 [0.34126913 0.10152256 0.31694178 0.24026653]
 [0.31437769 0.03044807 0.57062059 0.08455365]
 [0.31004107 0.03238346 0.57038009 0.08719539]
 [0.30537338 0.03237923 0.57646622 0.08578118]
 [0.36080437 0.0742027  0.3780027  0.18699024]
 [0.34364518 0.09976666 0.31715503 0.23943313]
 [0.18530853 0.38546565 0.1657592  0.26346662]
 [0.30595622 0.13787154 0.28049458 0.27567766]
 [0.3897227  0.05495732 0.39640897 0.15891101]
 [0.18916688 0.37681916 0.16960536 0.2644086 ]
 [0.33762268 0.03508796 0.52941605 0.09787331]
 [0.35597556 0.03807183 0.49681994 0.10913266]
 [0.40111444 0.04991432 0.39217788 0.15679336]
 [0.1910781  0.36735248 0.16921814 0.27235128]
 [0.17641321 0.40765514 0.15665823 0.25927342]
 [0.36766875 0.07948546 0.34219173 0.21065406]
 [0.20440112 0.31026066 0.17538192 0.30995631]
 [0.15726734 0.45638276 0.13518687 0.25116303]
 [0.18585985 0.37778448 0.16297802 0.27337764]
 [0.38313824 0.05311058 0.41368035 0.15007082]
 [0.3782789  0.07210406 0.35151978 0.19809726]
 [0.37430865 0.0585659  0.41158313 0.15554231]
 [0.36439915 0.08310905 0.32392692 0.22856488]
 [0.34641571 0.09082346 0.28996292 0.2727979 ]
 [0.26791154 0.16186753 0.21911564 0.3511053 ]
 [0.38466677 0.04471541 0.43788896 0.13272886]
 [0.2095475  0.30334641 0.18196792 0.30513817]
 [0.33482118 0.04900365 0.49608495 0.12009022]]
2019-09-08 01:46:34,190 - fuzzy_clustering - INFO - updated membership is: 
2019-09-08 01:46:34,191 - fuzzy_clustering - INFO - [[0.23814502 0.1959292  0.20013155 0.36579423]
 [0.34620763 0.09829698 0.29388441 0.26161098]
 [0.38692317 0.04313485 0.45068473 0.11925725]
 [0.22762836 0.25579396 0.20308918 0.3134885 ]
 [0.34895923 0.03489019 0.52543184 0.09071874]
 [0.35980629 0.03056296 0.52614987 0.08348088]
 [0.19339179 0.36264051 0.17816929 0.26579841]
 [0.37783498 0.04876282 0.4473928  0.12600939]
 [0.34276873 0.03237519 0.54075692 0.08409915]
 [0.3201378  0.02812069 0.57870782 0.07303368]
 [0.39426554 0.05007392 0.41838442 0.13727612]
 [0.38123419 0.05081972 0.4360178  0.13192828]
 [0.35003109 0.09822713 0.32365866 0.22808312]
 [0.32517401 0.02797402 0.57368468 0.0731673 ]
 [0.31997388 0.02976065 0.57456459 0.07570089]
 [0.31507643 0.02969146 0.58088316 0.07434895]
 [0.37169281 0.07110649 0.38411138 0.17308932]
 [0.35256906 0.09649889 0.32411295 0.2268191 ]
 [0.18009694 0.38764942 0.16224153 0.27001211]
 [0.31136652 0.13378452 0.28569136 0.26915761]
 [0.4029041  0.05236323 0.40114403 0.14358865]
 [0.18450211 0.37794911 0.16664112 0.27090766]
 [0.35011886 0.032548   0.53161849 0.08571465]
 [0.36929451 0.03556022 0.49886444 0.09628084]
 [0.41477476 0.0475403  0.39689579 0.14078915]
 [0.18706862 0.36561813 0.16696152 0.28035173]
 [0.1705925  0.41094834 0.15269    0.26576915]
 [0.3782244  0.07659233 0.34950934 0.19567394]
 [0.20195087 0.2990126  0.17489078 0.32414575]
 [0.15085321 0.46032063 0.13092785 0.25789831]
 [0.18178802 0.37518477 0.16074927 0.28227794]
 [0.3957818  0.05048746 0.41858593 0.13514481]
 [0.38936398 0.06952674 0.35890118 0.18220809]
 [0.3863139  0.0557954  0.41694356 0.14094714]
 [0.37458803 0.08035281 0.331747   0.21331217]
 [0.35518057 0.08783764 0.29796461 0.25901718]
 [0.26938176 0.15529209 0.22243913 0.35288703]
 [0.39866019 0.04221192 0.44074343 0.11838446]
 [0.20721081 0.2943608  0.18149491 0.31693347]
 [0.34552799 0.04594718 0.50120503 0.1073198 ]]
2019-09-08 01:46:35,400 - fuzzy_clustering - INFO - updated membership is: 
2019-09-08 01:46:35,400 - fuzzy_clustering - INFO - [[0.23660521 0.19309026 0.20159098 0.36871355]
 [0.35263606 0.09873949 0.30226702 0.24635743]
 [0.3968584  0.0423559  0.45340487 0.10738084]
 [0.22565808 0.25236102 0.20314724 0.31883366]
 [0.36033966 0.03391353 0.52460129 0.08114552]
 [0.37208136 0.02967106 0.5242125  0.07403509]
 [0.18991692 0.36267241 0.17616706 0.27124361]
 [0.38790401 0.04790416 0.44994948 0.11424235]
 [0.35444304 0.03142134 0.53917921 0.07495641]
 [0.33197777 0.02720342 0.57597029 0.06484852]
 [0.40386633 0.04939107 0.42236607 0.12437653]
 [0.39100095 0.0499841  0.43915753 0.11985742]
 [0.35652429 0.09805317 0.33019258 0.21522996]
 [0.3371706  0.02706175 0.5708779  0.06488975]
 [0.33158749 0.02880452 0.57221153 0.06739646]
 [0.32675385 0.02870436 0.57835462 0.06618717]
 [0.37987756 0.0704679  0.38937672 0.16027782]
 [0.35918493 0.09630855 0.33083304 0.21367348]
 [0.17621708 0.38629353 0.16012229 0.27736709]
 [0.31549308 0.13359745 0.29085459 0.26005488]
 [0.41235352 0.05171733 0.40571188 0.13021727]
 [0.18096746 0.37617038 0.16485469 0.27800747]
 [0.36209244 0.03161194 0.52988889 0.07640672]
 [0.38081733 0.0346682  0.49847243 0.08604204]
 [0.42407896 0.04699929 0.40215132 0.12677042]
 [0.18370893 0.36266814 0.16550888 0.28811405]
 [0.16643201 0.40957868 0.15036195 0.27362736]
 [0.38588056 0.07626703 0.35648193 0.18137048]
 [0.19881487 0.29249771 0.17419341 0.33449402]
 [0.14647652 0.45797288 0.12860686 0.26694375]
 [0.1783831  0.37135265 0.15934132 0.29092292]
 [0.40517654 0.0497543  0.42267566 0.1223935 ]
 [0.39731119 0.06923734 0.36586912 0.16758235]
 [0.39549129 0.05502838 0.42100451 0.12847582]
 [0.38202956 0.08031197 0.33951345 0.19814502]
 [0.362518   0.08823814 0.30694274 0.24230111]
 [0.27120406 0.15484176 0.22707477 0.34687941]
 [0.40914688 0.04142937 0.44310877 0.10631498]
 [0.20437574 0.28933372 0.18094664 0.3253439 ]
 [0.35592064 0.04486503 0.50185685 0.09735748]]
2019-09-08 01:46:36,603 - fuzzy_clustering - INFO - updated membership is: 
2019-09-08 01:46:36,603 - fuzzy_clustering - INFO - [[0.23585345 0.1942902  0.20393301 0.36592333]
 [0.35772962 0.10072903 0.31039524 0.23114612]
 [0.40500555 0.04236614 0.45521553 0.09741278]
 [0.22364158 0.25159807 0.20329826 0.32146209]
 [0.37110851 0.03369238 0.5217148  0.07348431]
 [0.38305197 0.02943439 0.52100266 0.06651097]
 [0.18714385 0.36103042 0.17483463 0.2769911 ]
 [0.39621198 0.04790646 0.45155113 0.10433043]
 [0.36570362 0.03118931 0.5353586  0.06774847]
 [0.3443725  0.02698833 0.57007513 0.05856404]
 [0.41122071 0.04956226 0.42587452 0.1133425 ]
 [0.39892081 0.05003469 0.44144524 0.10959926]
 [0.36155759 0.09930182 0.33631437 0.20282622]
 [0.34946601 0.02683491 0.56518401 0.05851508]
 [0.34380273 0.02858262 0.56659952 0.06101514]
 [0.33919103 0.02846542 0.57238037 0.05996318]
 [0.38633929 0.07093993 0.39389023 0.14883054]
 [0.36427444 0.09752899 0.33710638 0.20109019]
 [0.17306253 0.38335567 0.15868106 0.28490075]
 [0.31891592 0.13526248 0.29585665 0.24996495]
 [0.41925056 0.05195109 0.41001148 0.11878687]
 [0.17800781 0.37322971 0.16360018 0.2851623 ]
 [0.37329126 0.03138385 0.52632363 0.06900126]
 [0.39088584 0.03449437 0.49690849 0.07771131]
 [0.4306205  0.0472741  0.4072983  0.1148071 ]
 [0.18067363 0.35957625 0.16438141 0.29536872]
 [0.16314635 0.40603538 0.14882173 0.28199654]
 [0.39156962 0.07710854 0.3629188  0.16840303]
 [0.19556179 0.28928647 0.17347456 0.34167719]
 [0.14310157 0.45261706 0.12717586 0.27710551]
 [0.17527891 0.36752956 0.15823542 0.29895611]
 [0.41237124 0.04987794 0.42612387 0.11162695]
 [0.40308738 0.06997616 0.37227295 0.15466351]
 [0.40268575 0.0551767  0.4242168  0.11792075]
 [0.38756315 0.08149293 0.34684611 0.18409781]
 [0.36874699 0.09014267 0.31598778 0.22512256]
 [0.27362954 0.15754894 0.23262513 0.33619639]
 [0.41722724 0.0414181  0.44513904 0.09621562]
 [0.20148435 0.28703919 0.18042677 0.33104969]
 [0.3658225  0.04467415 0.50018549 0.08931786]]
2019-09-08 01:46:37,808 - fuzzy_clustering - INFO - updated membership is: 
2019-09-08 01:46:37,809 - fuzzy_clustering - INFO - [[0.23593448 0.19780874 0.20697854 0.35927824]
 [0.36172297 0.10340013 0.31793479 0.21694211]
 [0.41179015 0.0427536  0.45633753 0.08911872]
 [0.22187113 0.25241574 0.20363619 0.32207694]
 [0.3811043  0.033835   0.51778472 0.06727597]
 [0.39286805 0.02951683 0.51715256 0.06046255]
 [0.18484066 0.35855498 0.17388458 0.28271978]
 [0.40317811 0.04831997 0.45245961 0.0960423 ]
 [0.37628562 0.03130513 0.53044326 0.06196599]
 [0.35660068 0.0271071  0.56269855 0.05359367]
 [0.41697335 0.05013668 0.42884205 0.10404792]
 [0.40546271 0.05050758 0.44306161 0.10096809]
 [0.36551082 0.10119606 0.34187858 0.19141454]
 [0.36145058 0.02693564 0.558143   0.05347078]
 [0.35588262 0.02871033 0.55944553 0.05596151]
 [0.35157689 0.0285821  0.56478581 0.0550552 ]
 [0.39154134 0.0719291  0.39769938 0.13883018]
 [0.36822859 0.0993938  0.34279813 0.18957948]
 [0.17040039 0.37974953 0.15762241 0.29222768]
 [0.32181612 0.13779618 0.30055577 0.23983194]
 [0.42432081 0.05260387 0.41390767 0.10916765]
 [0.17543694 0.36989104 0.16263214 0.29203988]
 [0.38357168 0.03149794 0.52189901 0.06303137]
 [0.39969467 0.0346681  0.49472476 0.07091247]
 [0.43525935 0.04793036 0.41202593 0.10478436]
 [0.17792823 0.35666004 0.16344785 0.30196388]
 [0.16041406 0.40152835 0.14770716 0.29035042]
 [0.39581394 0.07848871 0.3687022  0.15699515]
 [0.19258826 0.28819943 0.17292408 0.34628823]
 [0.14030967 0.44591769 0.12618681 0.28758583]
 [0.17244596 0.36404138 0.15730114 0.30621152]
 [0.41796071 0.0504146  0.42899453 0.10263016]
 [0.4072764  0.07118943 0.37801656 0.14351761]
 [0.40839504 0.0557686  0.42677168 0.10906468]
 [0.3916567  0.08322324 0.35353116 0.1715889 ]
 [0.37381991 0.09268605 0.32449712 0.20899692]
 [0.27634117 0.16185106 0.23854339 0.32326438]
 [0.42355535 0.04177893 0.44682108 0.08784463]
 [0.19884787 0.28647831 0.18006507 0.33460875]
 [0.37503796 0.04491469 0.49730256 0.08274478]]
2019-09-08 01:46:39,032 - fuzzy_clustering - INFO - updated membership is: 
2019-09-08 01:46:39,032 - fuzzy_clustering - INFO - [[0.23660105 0.20266022 0.21041681 0.35032192]
 [0.36475372 0.10634099 0.32469762 0.20420767]
 [0.41743942 0.04333676 0.45693102 0.0822928 ]
 [0.22044045 0.25421226 0.20416766 0.32117962]
 [0.39020897 0.03417117 0.51337352 0.06224634]
 [0.40159089 0.02977337 0.51303047 0.05560527]
 [0.1829059  0.35570652 0.17318833 0.28819925]
 [0.40902441 0.04894623 0.45284493 0.08918443]
 [0.38601469 0.0316064  0.52506601 0.0573129 ]
 [0.36821826 0.02740014 0.55475662 0.04962498]
 [0.4214849  0.0509143  0.43127007 0.09633073]
 [0.41087564 0.05119714 0.44413333 0.0937939 ]
 [0.36857936 0.10337077 0.34679762 0.18125225]
 [0.37274851 0.02720906 0.55059686 0.04944557]
 [0.3673737  0.02902032 0.55168598 0.05192   ]
 [0.3634155  0.02888381 0.55656159 0.0511391 ]
 [0.395726   0.07316548 0.4008468  0.13026172]
 [0.37126099 0.10154099 0.34782663 0.17937139]
 [0.16814178 0.37593862 0.15682626 0.29909334]
 [0.3242318  0.14071411 0.30482794 0.23022614]
 [0.42802078 0.05346762 0.41732819 0.10118342]
 [0.17320335 0.36649786 0.16186547 0.29843332]
 [0.39285463 0.03179597 0.51713214 0.05821726]
 [0.40735936 0.03502846 0.49222115 0.06539103]
 [0.43850145 0.04877489 0.41621265 0.09651101]
 [0.17549977 0.3540152  0.16268326 0.30780176]
 [0.15810853 0.3966746  0.14686972 0.29834714]
 [0.3989291  0.08011487 0.3737721  0.14718394]
 [0.19006782 0.28855184 0.17262502 0.34875533]
 [0.13794565 0.4387337  0.12546158 0.29785907]
 [0.16992372 0.36095452 0.15652271 0.31259905]
 [0.42230499 0.0511637  0.43133745 0.09519387]
 [0.41025148 0.07262115 0.38305091 0.13407645]
 [0.41292856 0.05658839 0.42877378 0.10170927]
 [0.39460451 0.08518965 0.35945651 0.16074933]
 [0.37771172 0.09546305 0.33214388 0.19468135]
 [0.27895654 0.16688784 0.24435165 0.30980397]
 [0.42852783 0.04233527 0.44815662 0.08098028]
 [0.19660052 0.287065   0.17991353 0.33642095]
 [0.38343598 0.04538228 0.49381217 0.07736957]]
2019-09-08 01:46:40,710 - fuzzy_clustering - INFO - updated membership is: 
2019-09-08 01:46:40,711 - fuzzy_clustering - INFO - [[0.19353124 0.19198487 0.17041783 0.20184427 0.24222179]
 [0.19636896 0.20424186 0.20730477 0.22629885 0.16578556]
 [0.22917124 0.16384541 0.25550161 0.22779755 0.12368419]
 [0.17991738 0.19415581 0.17929641 0.2204552  0.22617521]
 [0.22932923 0.15269761 0.27814796 0.22343189 0.1163933 ]
 [0.24362619 0.14570893 0.26628157 0.23074031 0.11364301]
 [0.18772144 0.20496618 0.18215269 0.19783225 0.22732743]
 [0.24390498 0.15889    0.24010667 0.22866266 0.12843568]
 [0.22851784 0.16055078 0.26326169 0.230867   0.1168027 ]
 [0.23011799 0.1561648  0.28204927 0.21811139 0.11355655]
 [0.23022866 0.14959458 0.2344981  0.2584153  0.12726336]
 [0.21716336 0.14990354 0.30836199 0.20669946 0.11787166]
 [0.20504624 0.18537399 0.21285613 0.23202374 0.16469991]
 [0.23029329 0.15729021 0.27432942 0.22307815 0.11500894]
 [0.22927619 0.15665738 0.28392353 0.21612312 0.11401978]
 [0.22871863 0.15936474 0.28433204 0.21345191 0.11413268]
 [0.21477984 0.19091677 0.23608581 0.21922869 0.1389889 ]
 [0.20766972 0.16950468 0.22814952 0.23362257 0.16105351]
 [0.19009859 0.18742493 0.17454855 0.20295981 0.24496811]
 [0.20149689 0.18620674 0.19477001 0.24247626 0.1750501 ]
 [0.2235357  0.17998439 0.23375968 0.23973983 0.12298039]
 [0.1838353  0.20300485 0.21602719 0.18428384 0.21284882]
 [0.23778694 0.16081438 0.25497032 0.22821077 0.11821759]
 [0.2305055  0.16698535 0.24767933 0.23439582 0.120434  ]
 [0.2442197  0.14584147 0.23338707 0.25055634 0.12599542]
 [0.16657837 0.30015996 0.16729055 0.16962386 0.19634726]
 [0.17091058 0.17472098 0.15456974 0.17964915 0.32014956]
 [0.20167854 0.15060955 0.33538195 0.19282169 0.11950827]
 [0.17992115 0.18511855 0.16853457 0.23973137 0.22669436]
 [0.18406595 0.20670586 0.17370371 0.19522057 0.24030391]
 [0.21425833 0.2006952  0.17753215 0.18881447 0.21869984]
 [0.2633599  0.15801512 0.26276004 0.20245511 0.11340983]
 [0.23262832 0.15977955 0.24583731 0.23324346 0.12851135]
 [0.20768485 0.2027277  0.28341822 0.19538185 0.11078737]
 [0.21906781 0.16526228 0.21842694 0.24446868 0.15277429]
 [0.40785116 0.12138554 0.17418906 0.16854686 0.12802738]
 [0.35474197 0.13451288 0.15789014 0.17174576 0.18110924]
 [0.22467033 0.19077185 0.24130489 0.22577148 0.11748145]
 [0.18271595 0.17283385 0.16955142 0.25355953 0.22133925]
 [0.23218813 0.16062847 0.27995517 0.20833286 0.11889537]]
2019-09-08 01:46:42,370 - fuzzy_clustering - INFO - updated membership is: 
2019-09-08 01:46:42,370 - fuzzy_clustering - INFO - [[0.18747909 0.21961202 0.16739884 0.19333939 0.23217065]
 [0.21126529 0.20405788 0.21356413 0.22811023 0.14300247]
 [0.2439564  0.14590309 0.29691076 0.22893082 0.08429893]
 [0.18439358 0.21318879 0.17489691 0.19424712 0.2332736 ]
 [0.2435832  0.13715689 0.31787297 0.22189494 0.079492  ]
 [0.24452551 0.13143212 0.32436885 0.22578815 0.07388537]
 [0.18272681 0.21044368 0.17406604 0.18804736 0.24471611]
 [0.23940129 0.15259493 0.28594699 0.23042925 0.09162754]
 [0.23840598 0.13639605 0.32378652 0.22365016 0.07776129]
 [0.24114693 0.1313514  0.33320901 0.21990071 0.07439194]
 [0.24317465 0.15288416 0.27850146 0.2343097  0.09113004]
 [0.2376351  0.15298275 0.29142443 0.22592309 0.09203464]
 [0.21720271 0.19172266 0.22730674 0.2259578  0.13781009]
 [0.23980922 0.13099979 0.33442182 0.22091047 0.0738587 ]
 [0.24077636 0.13294556 0.33119809 0.21872332 0.07635666]
 [0.23941729 0.13379341 0.33094422 0.21870036 0.07714472]
 [0.22514199 0.17678876 0.25857632 0.2276723  0.11182064]
 [0.21976927 0.18673677 0.23034533 0.2272725  0.13587613]
 [0.17884919 0.20717622 0.16685858 0.18482317 0.26229283]
 [0.20898453 0.20265128 0.20669367 0.2169464  0.16472413]
 [0.24367286 0.16001741 0.27449985 0.23110827 0.09070162]
 [0.18159632 0.21533196 0.17118757 0.18418322 0.24770093]
 [0.24579113 0.13503861 0.31874749 0.22359479 0.07682797]
 [0.24558835 0.13947835 0.30956559 0.22681181 0.0785559 ]
 [0.24662862 0.14989728 0.27723917 0.2394057  0.08682923]
 [0.17703273 0.22837891 0.16703925 0.18167774 0.24587136]
 [0.1749644  0.20592045 0.16155976 0.17971514 0.27784025]
 [0.22895735 0.17692103 0.26036307 0.221555   0.11220355]
 [0.17793157 0.21431355 0.16316919 0.18695237 0.25763333]
 [0.17097172 0.21707483 0.15701679 0.17710672 0.27782994]
 [0.17922754 0.21628647 0.16540824 0.18264566 0.25643209]
 [0.24177744 0.1556598  0.29034587 0.22375004 0.08846685]
 [0.23835938 0.1738908  0.25681556 0.22672278 0.10421148]
 [0.23408684 0.16727407 0.28717325 0.21946223 0.09200361]
 [0.23003598 0.18095533 0.23520301 0.2331423  0.12066338]
 [0.2768207  0.17813605 0.20806605 0.21081212 0.12616507]
 [0.22973779 0.2026145  0.17547265 0.19613051 0.19604456]
 [0.2448231  0.14886317 0.29395816 0.23042256 0.08193301]
 [0.18139635 0.20957108 0.16668158 0.19069183 0.25165916]
 [0.23794383 0.14733042 0.30422754 0.22027491 0.0902233 ]]
2019-09-08 01:46:44,030 - fuzzy_clustering - INFO - updated membership is: 
2019-09-08 01:46:44,030 - fuzzy_clustering - INFO - [[0.18731818 0.24045148 0.16276961 0.1951945  0.21426623]
 [0.23180239 0.20302555 0.21543491 0.23980636 0.10993079]
 [0.25923013 0.12360173 0.32119236 0.23858069 0.05739509]
 [0.18401178 0.22367042 0.16841509 0.19019625 0.23370646]
 [0.25278382 0.11049158 0.35795638 0.22571472 0.05305349]
 [0.2544532  0.10404167 0.36669686 0.22725079 0.04755748]
 [0.17605645 0.2136708  0.16427284 0.180551   0.26544891]
 [0.25472264 0.13001079 0.31366078 0.2377182  0.06388759]
 [0.25002449 0.10704979 0.36759311 0.22445418 0.05087844]
 [0.24823238 0.10114738 0.38387607 0.2189088  0.04783538]
 [0.25929299 0.1339728  0.29990856 0.24348097 0.06334468]
 [0.25473392 0.13284033 0.30900881 0.23804326 0.06537367]
 [0.23509182 0.18559266 0.2347318  0.23619396 0.10838976]
 [0.24825195 0.10068462 0.38421376 0.21958047 0.0472692 ]
 [0.24792153 0.10340202 0.37990937 0.21899716 0.04976992]
 [0.24656046 0.10358601 0.38119269 0.21825672 0.05040412]
 [0.24584672 0.15750435 0.27314122 0.23976876 0.08373896]
 [0.23680371 0.18423439 0.23523885 0.23715296 0.1065701 ]
 [0.16920081 0.21507862 0.15470191 0.17445245 0.28656621]
 [0.22019723 0.20469057 0.21157054 0.22335971 0.14018194]
 [0.26125233 0.13796299 0.29204451 0.24426517 0.06447501]
 [0.17175163 0.21797506 0.15717137 0.17618002 0.27692191]
 [0.25366943 0.10678633 0.36426816 0.22492533 0.05035075]
 [0.25690242 0.11164582 0.34903391 0.23054856 0.05186929]
 [0.26430669 0.13360303 0.2920956  0.25050725 0.05948742]
 [0.17044355 0.22233158 0.15506392 0.17579399 0.27636696]
 [0.16528675 0.21499219 0.14988357 0.17048522 0.29935227]
 [0.24855376 0.1682684  0.25463905 0.24170986 0.08682894]
 [0.17131868 0.22797022 0.15198606 0.17799753 0.27072751]
 [0.15637325 0.21940775 0.13864388 0.16251927 0.32305585]
 [0.16787546 0.22148036 0.15117284 0.17338651 0.28608483]
 [0.25859363 0.13399956 0.30354136 0.24082881 0.06303663]
 [0.25467338 0.16114574 0.26074061 0.24466171 0.07877856]
 [0.25517254 0.13960536 0.29906932 0.23818042 0.06797236]
 [0.24710032 0.17620949 0.24099063 0.24489419 0.09080537]
 [0.25014162 0.19214257 0.21885588 0.23824324 0.10061668]
 [0.20866453 0.23342219 0.17550736 0.20852647 0.17387945]
 [0.26159654 0.12295472 0.31929231 0.24027897 0.05587746]
 [0.17498729 0.22505439 0.15650761 0.18116395 0.26228676]
 [0.24893554 0.12278997 0.3376094  0.22675499 0.0639101 ]]
2019-09-08 01:46:45,684 - fuzzy_clustering - INFO - updated membership is: 
2019-09-08 01:46:45,684 - fuzzy_clustering - INFO - [[0.19028685 0.2634683  0.16182992 0.20062711 0.18378783]
 [0.24749888 0.19186977 0.21865964 0.25500831 0.08696341]
 [0.27389779 0.09951731 0.33568744 0.24899522 0.04190225]
 [0.1838989  0.23757191 0.1654411  0.19060133 0.22248676]
 [0.26118301 0.08470396 0.38863556 0.22799126 0.03748622]
 [0.26449869 0.0781374  0.39514472 0.22928561 0.03293359]
 [0.16829    0.21980711 0.15546616 0.17310562 0.28333111]
 [0.26906641 0.10603039 0.33109765 0.24643818 0.04736738]
 [0.25870492 0.08060669 0.40062774 0.22456692 0.03549373]
 [0.25222715 0.07415528 0.42593481 0.21507423 0.03260854]
 [0.27514961 0.11080921 0.31103328 0.25589875 0.04710916]
 [0.26984286 0.10944775 0.32321673 0.24867104 0.04882161]
 [0.24987047 0.17245836 0.24069466 0.24959685 0.08737965]
 [0.25344559 0.07378467 0.42426374 0.21629633 0.03220967]
 [0.2520933  0.07650046 0.4213945  0.21575179 0.03425994]
 [0.25026825 0.07637228 0.42468307 0.2140215  0.03465489]
 [0.26250599 0.13684817 0.28334328 0.25207743 0.06522513]
 [0.25128222 0.17137699 0.24074222 0.25083439 0.08576417]
 [0.15948751 0.2237588  0.1441561  0.16524854 0.30734905]
 [0.23055177 0.20108191 0.2163678  0.23383069 0.11816784]
 [0.2776911  0.11461417 0.29977481 0.25944711 0.04847281]
 [0.16225989 0.2250626  0.14688453 0.16777972 0.29801326]
 [0.2614923  0.08082473 0.39618112 0.22627777 0.03522409]
 [0.26789277 0.0862165  0.37359052 0.23550672 0.03679349]
 [0.28258118 0.11043358 0.29672136 0.26636052 0.04390336]
 [0.16235381 0.2300973  0.14551832 0.16852699 0.29350357]
 [0.15405323 0.22352883 0.13819303 0.1599961  0.32422881]
 [0.26452187 0.14978061 0.25847172 0.25890537 0.06832044]
 [0.1674012  0.24702786 0.14597007 0.17529156 0.26430931]
 [0.14163402 0.22556114 0.12355603 0.14841792 0.36083088]
 [0.15868102 0.23148287 0.14090565 0.16520092 0.30372954]
 [0.27535665 0.11017625 0.31199152 0.25517821 0.04729737]
 [0.27053708 0.14048556 0.26495233 0.26247441 0.06155062]
 [0.27131036 0.11557664 0.30925717 0.25193079 0.05192504]
 [0.26252015 0.15977769 0.2452235  0.26132195 0.0711567 ]
 [0.25574691 0.18419804 0.22276497 0.2584826  0.07880748]
 [0.20982865 0.25086637 0.17595149 0.21926137 0.14409212]
 [0.2773946  0.09838742 0.33160729 0.25183459 0.04077609]
 [0.17133792 0.24271591 0.1509677  0.17870309 0.25627538]
 [0.25844954 0.09785735 0.36612038 0.23028024 0.04729249]]
2019-09-08 01:46:47,355 - fuzzy_clustering - INFO - updated membership is: 
2019-09-08 01:46:47,356 - fuzzy_clustering - INFO - [[0.1930276  0.27642919 0.16237022 0.20524621 0.16292678]
 [0.25970327 0.17083277 0.22342611 0.26928605 0.07675179]
 [0.2857539  0.0789118  0.34224845 0.25813369 0.03495215]
 [0.18420207 0.25007229 0.16447067 0.19174748 0.20950749]
 [0.26844047 0.06493299 0.4060762  0.23026704 0.0302833 ]
 [0.2735776  0.05891758 0.40860201 0.23248157 0.02642123]
 [0.16201976 0.22892284 0.1491404  0.1671329  0.2927841 ]
 [0.28058635 0.08524475 0.33982487 0.25455574 0.03978829]
 [0.26545633 0.06100184 0.41967974 0.22541305 0.02844904]
 [0.25508609 0.05483109 0.4523451  0.21214611 0.02559161]
 [0.28802852 0.08951484 0.3155927  0.26702554 0.03983839]
 [0.28184392 0.08857709 0.33056548 0.25782865 0.04118486]
 [0.26138492 0.15358786 0.24587968 0.2617813  0.07736624]
 [0.25729738 0.05457192 0.44868159 0.21412273 0.02532638]
 [0.25498172 0.05697866 0.4480232  0.21298597 0.02703045]
 [0.25253519 0.05671549 0.45309622 0.21040344 0.02724966]
 [0.2748656  0.11597808 0.28987551 0.2627832  0.05649761]
 [0.26277179 0.15211189 0.24587434 0.2633448  0.07589718]
 [0.15216454 0.23600823 0.13694887 0.15828537 0.31659298]
 [0.23915079 0.1894816  0.22117277 0.24351393 0.10668091]
 [0.29108969 0.09293975 0.30218031 0.27252681 0.04126344]
 [0.15536529 0.23626656 0.14013156 0.16137383 0.30686276]
 [0.26880075 0.06141647 0.41302172 0.22841927 0.02834179]
 [0.27776334 0.06653234 0.38484334 0.24084438 0.03001659]
 [0.2968864  0.08837125 0.29710258 0.28056963 0.03707015]
 [0.15659282 0.24293369 0.13963799 0.16325649 0.297579  ]
 [0.14551821 0.23605316 0.1300389  0.15181492 0.33657481]
 [0.27700191 0.12785687 0.26252778 0.27288945 0.05972398]
 [0.16558922 0.26791424 0.14337041 0.17446321 0.24866292]
 [0.13096416 0.23788586 0.11360106 0.13801365 0.37953527]
 [0.15253792 0.24581936 0.13476123 0.15960206 0.30727943]
 [0.28840321 0.08880634 0.31587815 0.2667473  0.040165  ]
 [0.28315788 0.11776206 0.26846368 0.27682553 0.05379085]
 [0.28361086 0.09429583 0.31495877 0.26263646 0.04449808]
 [0.27493522 0.13753953 0.24924243 0.27597262 0.0623102 ]
 [0.26610563 0.16327916 0.22679932 0.27500644 0.06880946]
 [0.21499886 0.25040197 0.17829981 0.22857115 0.12772821]
 [0.29051718 0.07773547 0.33524327 0.26247121 0.03403286]
